,0
0,1
1,0
2,1
3,1
4,1
5,0
6,1
7,1
8,1
9,1
10,0
11,0
12,0
13,0
14,1
15,0
16,1
17,0
18,1
19,0
20,1
21,1
22,0
23,1
24,0
25,0
26,1
27,1
28,1
29,1
30,1
31,1
32,0
33,0
34,1
35,0
36,1
37,1
38,1
39,0
40,1
41,0
42,1
43,0
44,0
45,1
46,1
47,1
48,0
49,0
50,0
51,0
52,0
53,1
54,0
55,1
56,0
57,0
58,1
59,1
60,1
61,0
62,0
63,0
64,0
65,0
66,0
67,0
68,0
69,1
70,0
71,0
72,0
73,0
74,1
75,1
76,0
77,1
78,0
79,1
80,0
81,0
82,1
83,0
84,1
85,0
86,1
87,0
88,1
89,0
90,0
91,0
92,1
93,1
94,0
95,0
96,1
97,1
98,0
99,1
100,0
101,0
102,1
103,1
104,0
105,1
106,0
107,0
108,1
109,1
110,1
111,0
112,0
113,1
114,1
115,1
116,1
117,1
118,0
119,1
120,1
121,1
122,0
123,1
124,1
125,0
126,0
127,0
128,1
129,0
130,0
131,1
132,1
133,1
134,0
135,1
136,1
137,1
138,1
139,0
140,1
141,1
142,0
143,0
144,0
145,1
146,0
147,0
148,1
149,1
150,1
151,1
152,1
153,1
154,0
155,1
156,0
157,0
158,1
159,1
160,1
161,0
162,1
163,1
164,1
165,0
166,1
167,1
168,1
169,0
170,1
171,0
172,0
173,0
174,0
175,1
176,1
177,0
178,0
179,1
180,1
181,1
182,1
183,0
184,1
185,1
186,1
187,0
188,0
189,0
190,1
191,0
192,1
193,1
194,0
195,1
196,1
197,1
198,1
199,1
200,1
201,1
202,1
203,1
204,1
205,0
206,0
207,0
208,1
209,1
210,0
211,1
212,0
213,1
214,1
215,1
216,0
217,0
218,0
219,0
220,1
221,0
222,0
223,0
224,0
225,0
226,0
227,0
228,1
229,1
230,0
231,0
232,1
233,1
234,1
235,1
236,1
237,0
238,1
239,0
240,1
241,1
242,0
243,1
244,1
245,1
246,1
247,1
248,1
249,1
250,0
251,0
252,0
253,0
254,1
255,0
256,1
257,1
258,1
259,1
260,1
261,1
262,1
263,1
264,0
265,1
266,0
267,0
268,1
269,1
270,1
271,0
272,0
273,0
274,0
275,0
276,1
277,0
278,0
279,1
280,0
281,1
282,1
283,1
284,1
285,1
286,0
287,1
288,1
289,1
290,0
291,1
292,0
293,1
294,1
295,0
296,0
297,0
298,0
299,1
300,0
301,0
302,0
303,1
304,0
305,0
306,0
307,1
308,0
309,1
310,1
311,0
312,0
313,0
314,1
315,1
316,1
317,0
318,0
319,1
320,1
321,1
322,1
323,1
324,1
325,0
326,0
327,0
328,0
329,1
330,0
331,0
332,0
333,0
334,0
335,1
336,0
337,1
338,0
339,1
340,1
341,1
342,1
343,0
344,1
345,1
346,0
347,0
348,1
349,0
350,0
351,1
352,1
353,0
354,0
355,1
356,1
357,0
358,1
359,1
360,1
361,1
362,0
363,1
364,0
365,1
366,0
367,1
368,0
369,0
370,0
371,0
372,1
373,0
374,0
375,1
376,0
377,0
378,1
379,1
380,1
381,0
382,1
383,1
384,0
385,0
386,0
387,0
388,1
389,0
390,0
391,1
392,0
393,1
394,0
395,1
396,0
397,0
398,1
399,1
400,1
401,1
402,0
403,1
404,1
405,0
406,1
407,1
408,0
409,0
410,0
411,0
412,0
413,1
414,0
415,0
416,0
417,1
418,0
419,1
420,1
421,1
422,0
423,1
424,0
425,0
426,0
427,0
428,1
429,1
430,1
431,0
432,0
433,0
434,0
435,1
436,0
437,0
438,0
439,0
440,1
441,0
442,0
443,1
444,1
445,1
446,1
447,1
448,0
449,0
450,1
451,0
452,1
453,1
454,1
455,1
456,1
457,1
458,0
459,0
460,0
461,1
462,1
463,1
464,0
465,1
466,1
467,0
468,0
469,1
470,0
471,1
472,1
473,0
474,0
475,0
476,0
477,0
478,1
479,0
480,1
481,0
482,1
483,1
484,1
485,1
486,0
487,1
488,0
489,0
490,1
491,1
492,1
493,1
494,0
495,0
496,1
497,1
498,0
499,0
500,0
501,0
502,0
503,1
504,0
505,1
506,0
507,0
